	
1.58399999141	1.35655296943
1.58487999141	1.35493768636
1.5857599914	1.35332581114
1.5866399914	1.35171733444
1.58751999139	1.35011224696
1.58839999139	1.34851053943
1.58927999138	1.34691220262
1.59015999138	1.34531722731
1.59103999137	1.34372560434
1.59191999137	1.34213732454
1.59279999136	1.3405523788
1.59367999136	1.33897075803
1.59455999135	1.33739245318
1.59543999135	1.3358174552
1.59631999134	1.33424575511
1.59719999134	1.33267734391
1.59807999133	1.33111221268
1.59895999133	1.3295503525
1.59983999132	1.32799175448
1.60071999132	1.32643640976
1.60159999132	1.32488451956
1.60247999131	1.32333565455
1.60335999131	1.32179001645
1.6042399913	1.32024759651
1.6051199913	1.31870838602
1.60599999129	1.31717237628
1.60687999129	1.31563955864
1.60775999128	1.31410992446
1.60863999128	1.31258346515
1.60951999127	1.31106017212
1.61039999127	1.30954003683
1.61127999126	1.30802305075
1.61215999126	1.30650920539
1.61303999125	1.30499849228
1.61391999125	1.30349090299
1.61479999124	1.30198642909
1.61567999124	1.30048506222
1.61655999123	1.29898679399
1.61743999123	1.29749161609
1.61831999122	1.29599952021
1.61919999122	1.29451049806
1.62007999122	1.2930245414
1.62095999121	1.291541642
1.62183999121	1.29006179166
1.6227199912	1.2885849822
1.6235999912	1.28711120549
1.62447999119	1.28564045338
1.62535999119	1.2841727178
1.62623999118	1.28270799066
1.62711999118	1.28124626393
1.62799999117	1.27978752959
1.62887999117	1.27833177963
1.62975999116	1.27687900611
1.63063999116	1.27542920106
1.63151999115	1.27398235658
1.63239999115	1.27253846477
1.63327999114	1.27109751777
1.63415999114	1.26965950773
1.63503999113	1.26822442683
1.63591999113	1.26679226729
1.63679999112	1.26536321475
1.63767999112	1.26393687425
1.63855999112	1.26251343186
1.63943999111	1.26109287991
1.64031999111	1.25967521072
1.6411999911	1.25826041664
1.6420799911	1.25684849006
1.64295999109	1.25543942338
1.64383999109	1.25403320901
1.64471999108	1.25262983943
1.64559999108	1.25122930709
1.64647999107	1.24983160449
1.64735999107	1.24843672417
1.64823999106	1.24704465866
1.64911999106	1.24565540053
1.64999999105	1.24426894238
1.65087999105	1.24288527681
1.65175999104	1.24150439648
1.65263999104	1.24012629405
1.65351999103	1.23875096219
1.65439999103	1.23737839361
1.65527999103	1.23600858106
1.65615999102	1.23464151728
1.65703999102	1.23327719504
1.65791999101	1.23191560716
1.65879999101	1.23055674644
1.659679991	1.22920060575
1.660559991	1.22784717793
1.66143999099	1.22649645589
1.66231999099	1.22514843253
1.66319999098	1.2238031008
1.66407999098	1.22246045364
1.66495999097	1.22112048403
1.66583999097	1.21978318498
1.66671999096	1.2184485495
1.66759999096	1.21711657065
1.66847999095	1.21578724148
1.66935999095	1.21446055509
1.67023999094	1.21313650458
1.67111999094	1.21181508309
1.67199999094	1.21049646224
1.67287999093	1.2091802779
1.67375999093	1.2078667021
1.67463999092	1.20655572806
1.67551999092	1.20524734901
1.67639999091	1.20394155821
1.67727999091	1.20263834894
1.6781599909	1.2013377145
1.6790399909	1.20003964822
1.67991999089	1.19874414343
1.68079999089	1.1974511935
1.68167999088	1.19616079181
1.68255999088	1.19487293177
1.68343999087	1.19358760681
1.68431999087	1.19230481036
1.68519999086	1.1910245359
1.68607999086	1.18974677691
1.68695999085	1.1884715269
1.68783999085	1.18719877939
1.68871999084	1.18592852794
1.68959999084	1.18466076611
1.69047999084	1.18339548748
1.69135999083	1.18213268567
1.69223999083	1.18087235431
1.69311999082	1.17961448703
1.69399999082	1.17835907751
1.69487999081	1.17710611944
1.69575999081	1.17585560651
1.6966399908	1.17460753246
1.6975199908	1.17336189103
1.69839999079	1.17211867599
1.69927999079	1.17087788112
1.70015999078	1.16963950022
1.70103999078	1.16840352712
1.70191999077	1.16716995566
1.70279999077	1.16593877971
1.70367999076	1.16470999313
1.70455999076	1.16348358984
1.70543999075	1.16225956375
1.70631999075	1.1610379088
1.70719999074	1.15981878395
1.70807999074	1.15860185285
1.70895999074	1.15738727481
1.70983999073	1.15617504386
1.71071999073	1.15496515401
1.71159999072	1.15375759933
1.71247999072	1.15255237388
1.71335999071	1.15134947174
1.71423999071	1.15014888704
1.7151199907	1.14895061388
1.7159999907	1.14775464642
1.71687999069	1.14656097881
1.71775999069	1.14536960524
1.71863999068	1.1441805199
1.71951999068	1.14299371701
1.72039999067	1.1418091908
1.72127999067	1.14062693554
1.72215999066	1.13944694548
1.72303999066	1.13826921492
1.72391999065	1.13709373816
1.72479999065	1.13592050953
1.72567999065	1.13474952338
1.72655999064	1.13358077407
1.72743999064	1.13241425596
1.72831999063	1.13124996347
1.72919999063	1.130087891
1.73007999062	1.128928033
1.73095999062	1.1277703839
1.73183999061	1.12661493818
1.73271999061	1.12546169033
1.7335999906	1.12431063485
1.7344799906	1.12316176626
1.73535999059	1.12201507909
1.73623999059	1.12087056792
1.73711999058	1.11972822731
1.73799999058	1.11858805186
1.73887999057	1.11745003618
1.73975999057	1.1163141749
1.74063999056	1.11518046265
1.74151999056	1.11404889412
1.74239999056	1.11291961683
1.74327999055	1.11179231948
1.74415999055	1.11066714995
1.74503999054	1.10954410295
1.74591999054	1.10842317326
1.74679999053	1.10730435563
1.74767999053	1.10618764486
1.74855999052	1.10507303576
1.74943999052	1.10396052314
1.75031999051	1.10285010187
1.75119999051	1.10174176678
1.7520799905	1.10063551278
1.7529599905	1.09953133475
1.75383999049	1.09842922762
1.75471999049	1.09732918631
1.75559999048	1.09623120579
1.75647999048	1.09513528102
1.75735999047	1.09404140701
1.75823999047	1.09294957875
1.75911999046	1.09185979129
1.75999999046	1.09077203967
1.76087999046	1.08968631896
1.76175999045	1.08860262425
1.76263999045	1.08752095066
1.76351999044	1.0864412933
1.76439999044	1.08536364734
1.76527999043	1.08428800794
1.76615999043	1.08321437031
1.76703999042	1.08214272964
1.76791999042	1.08107308118
1.76879999041	1.08000542019
1.76967999041	1.07893974195
1.7705599904	1.07787604177
1.7714399904	1.07681431496
1.77231999039	1.0757545569
1.77319999039	1.07469676294
1.77407999038	1.07364092851
1.77495999038	1.07258704902
1.77583999037	1.07153511994
1.77671999037	1.07048513674
1.77759999037	1.06943723679
1.77847999036	1.06839113168
1.77935999036	1.0673469591
1.78023999035	1.06630471464
1.78111999035	1.06526439396
1.78199999034	1.06422599271
1.78287999034	1.06318950663
1.78375999033	1.06215493145
1.78463999033	1.06112226297
1.78551999032	1.06009149702
1.78639999032	1.05906262947
1.78727999031	1.05803565626
1.78815999031	1.05701057336
1.7890399903	1.05598737679
1.7899199903	1.05496606264
1.79079999029	1.05394662706
1.79167999029	1.05292906625
1.79255999028	1.05191337649
1.79343999028	1.05089955413
1.79431999027	1.04988759562
1.79519999027	1.04887749746
1.79607999027	1.04786925629
1.79695999026	1.0468628688
1.79783999026	1.04585833184
1.79871999025	1.04485564236
1.79959999025	1.04385479745
1.80047999024	1.04285579434
1.80135999024	1.04185863043
1.80223999023	1.04086330331
1.80311999023	1.03986981075
1.80399999022	1.03887815078
1.80487999022	1.03788832163
1.80575999021	1.03690032187
1.80663999021	1.03591415033
1.8075199902	1.03492980626
1.8083999902	1.03394728926
1.80927999019	1.03296659943
1.81015999019	1.03198773739
1.81103999018	1.03101070438
1.81191999018	1.03003550234
1.81279999018	1.02906226574
1.81367999017	1.02809073459
1.81455999017	1.02712104568
1.81543999016	1.02615320517
1.81631999016	1.02518722074
1.81719999015	1.02422310196
1.81807999015	1.02326086061
1.81895999014	1.02230051117
1.81983999014	1.02134207142
1.82071999013	1.02038556317
1.82159999013	1.01943101324
1.82247999012	1.01847845469
1.82335999012	1.01752792856
1.82423999011	1.01657948599
1.82511999011	1.01563319129
1.8259999901	1.01468912609
1.8268799901	1.01374739513
1.82775999009	1.0128081346
1.82863999009	1.0118715243
1.82951999008	1.01093780598
1.83039999008	1.01000731161
1.83127999008	1.00908050863
1.83215999007	1.00815807515
1.83303999007	1.00724103097
1.83391999006	1.00633097832
1.83479999006	1.00543057462
1.83567999005	1.00454453756
1.83655999005	1.00368199848
1.83743999004	1.00286266749
1.83831999004	1.00213472295
1.83919999003	1.00162324045
1.84007999003	1.00155590322
1.84095999002	1.00197738575
1.84183999002	1.00266477285
1.84271999001	1.00346317801
1.84359999001	1.0043113885
1.84447999	1.00518505195
1.84535999	1.00607322393
1.84623998999	1.00697038749
1.84711998999	1.00787349348
1.84799998998	1.00878060682
1.84887998998	1.00969083275
1.84975998998	1.01060329617
1.85063998997	1.01151748133
1.85151998997	1.01243302317
1.85239998996	1.01334965617
1.85327998996	1.01426718265
1.85415998995	1.01518545242
1.85503998995	1.01610434934
1.85591998994	1.01702378216
1.85679998994	1.0179436782
1.85767998993	1.01886397886
1.85855998993	1.01978463631
1.85943998992	1.02070561115
1.86031998992	1.02162687061
1.86119998991	1.02254838717
1.86207998991	1.02347013758
1.8629599899	1.02439210204
1.8638399899	1.02531426356
1.86471998989	1.02623660747
1.86559998989	1.02715912104
1.86647998989	1.02808179317
1.86735998988	1.02900461409
1.86823998988	1.02992757521
1.86911998987	1.03085066891
1.86999998987	1.03177388838
1.87087998986	1.03269722758
1.87175998986	1.03362068105
1.87263998985	1.03454424389
1.87351998985	1.03546791165
1.87439998984	1.03639168032
1.87527998984	1.03731554621
1.87615998983	1.03823950598
1.87703998983	1.03916355655
1.87791998982	1.0400876951
1.87879998982	1.041011919
1.87967998981	1.04193622585
1.88055998981	1.0428606134
1.8814399898	1.04378507957
1.8823199898	1.04470962242
1.8831999898	1.04563411487
1.88407998979	1.04655880572
1.88495998979	1.04748356812
1.88583998978	1.04840840055
1.88671998978	1.0493333016
1.88759998977	1.05025826991
1.88847998977	1.0511833042
1.88935998976	1.05210840326
1.89023998976	1.05303356592
1.89111998975	1.05395879109
1.89199998975	1.05488407771
1.89287998974	1.05580942476
1.89375998974	1.05673483128
1.89463998973	1.05766029633
1.89551998973	1.05858581902
1.89639998972	1.05951139848
1.89727998972	1.06043703389
1.89815998971	1.06136272442
1.89903998971	1.06228846931
1.8999199897	1.06321426779
1.9007999897	1.06414011914
1.9016799897	1.06506602263
1.90255998969	1.06599197757
1.90343998969	1.0669179833
1.90431998968	1.06784403913
1.90519998968	1.06877014445
1.90607998967	1.06969629861
1.90695998967	1.070622501
1.90783998966	1.07154875102
1.90871998966	1.07247504808
1.90959998965	1.07340139161
1.91047998965	1.07432778103
1.91135998964	1.07525421579
1.91223998964	1.07618069535
1.91311998963	1.07710721916
1.91399998963	1.07803378669
1.91487998962	1.07896039743
1.91575998962	1.07988705087
1.91663998961	1.08081374649
1.91751998961	1.0817404838
1.91839998961	1.08266726231
1.9192799896	1.08359395598
1.9201599896	1.08452081542
1.92103998959	1.08544771462
1.92191998959	1.08637465311
1.92279998958	1.08730163043
1.92367998958	1.08822864612
1.92455998957	1.08915569972
1.92543998957	1.09008279078
1.92631998956	1.09100991887
1.92719998956	1.09193708354
1.92807998955	1.09286428435
1.92895998955	1.09379152087
1.92983998954	1.09471879268
1.93071998954	1.09564609934
1.93159998953	1.09657344044
1.93247998953	1.09750081556
1.93335998952	1.09842822429
1.93423998952	1.0993556662
1.93511998951	1.10028314089
