     45.913138	     13.766257
     45.943924	     13.720408
     45.974599	     13.674507
     46.005162	     13.628553
     46.035614	     13.582548
     46.065954	     13.536493
     46.096183	     13.490386
     46.126300	     13.444229
     46.156304	     13.398022
     46.186197	     13.351766
     46.215977	     13.305461
     46.245646	     13.259106
     46.275202	     13.212704
     46.304645	     13.166253
     46.333976	     13.119755
     46.363195	     13.073209
     46.392300	     13.026617
     46.421293	     12.979978
     46.450173	     12.933294
     46.478941	     12.886563
     46.507591	     12.839794
     46.536132	     12.792974
     46.564560	     12.746109
     46.592874	     12.699199
     46.621075	     12.652247
     46.649163	     12.605250
     46.677138	     12.558211
     46.704998	     12.511130
     46.732745	     12.464006
     46.760379	     12.416841
     46.787899	     12.369634
     46.815304	     12.322386
     46.842597	     12.275097
     46.869775	     12.227769
     46.896839	     12.180400
     46.923789	     12.132992
     46.950625	     12.085545
     46.977347	     12.038060
     47.003954	     11.990536
     47.030447	     11.942974
     47.056827	     11.895375
     47.083091	     11.847738
     47.109242	     11.800065
     47.135277	     11.752356
     47.161199	     11.704611
     47.187006	     11.656830
     47.212698	     11.609014
     47.238276	     11.561163
     47.263739	     11.513278
     47.289088	     11.465358
     47.314321	     11.417406
     47.339441	     11.369420
     47.364445	     11.321401
     47.389335	     11.273349
     47.414110	     11.225266
     47.438770	     11.177151
     47.463315	     11.129005
     47.487745	     11.080827
     47.512061	     11.032619
     47.536261	     10.984381
     47.560344	     10.936120
     47.584315	     10.887823
     47.608171	     10.839497
     47.631912	     10.791142
     47.655538	     10.742759
     47.679049	     10.694348
     47.702445	     10.645910
     47.725726	     10.597445
     47.748893	     10.548953
     47.771944	     10.500434
     47.794880	     10.451890
     47.817702	     10.403320
     47.840409	     10.354725
     47.863000	     10.306105
     47.885477	     10.257461
     47.907839	     10.208793
     47.930086	     10.160101
     47.952218	     10.111385
     47.974235	     10.062647
     47.996137	     10.013886
     48.017924	      9.965103
     48.039597	      9.916299
     48.061155	      9.867473
     48.082598	      9.818626
     48.103926	      9.769758
     48.125140	      9.720870
     48.146239	      9.671962
     48.167223	      9.623034
     48.188093	      9.574088
     48.208848	      9.525122
     48.229488	      9.476138
     48.250014	      9.427136
     48.270425	      9.378117
     48.290722	      9.329080
     48.310905	      9.280026
     48.330973	      9.230955
     48.350927	      9.181869
     48.370766	      9.132766
     48.390491	      9.083648
     48.410102	      9.034515
     48.429596	      8.985374
     48.448979	      8.936212
     48.468248	      8.887035
     48.487402	      8.837845
     48.506443	      8.788642
     48.525370	      8.739426
     48.544183	      8.690198
     48.562882	      8.640957
     48.581468	      8.591704
     48.599939	      8.542440
     48.618298	      8.493165
     48.636542	      8.443879
     48.654673	      8.394582
     48.672691	      8.345276
     48.690596	      8.295960
     48.708387	      8.246634
     48.726065	      8.197300
     48.743630	      8.147957
     48.761081	      8.098605
     48.778420	      8.049246
     48.795646	      7.999879
     48.812759	      7.950505
     48.829760	      7.901124
     48.846647	      7.851737
     48.863422	      7.802343
     48.880085	      7.752944
     48.896635	      7.703539
     48.913073	      7.654129
     48.929398	      7.604714
     48.945612	      7.555295
     48.961713	      7.505872
     48.977702	      7.456445
     48.993580	      7.407015
     49.009346	      7.357581
     49.024999	      7.308145
     49.040542	      7.258707
     49.055973	      7.209266
     49.071292	      7.159824
     49.086500	      7.110381
     49.101597	      7.060936
     49.116581	      7.011498
     49.131456	      6.962052
     49.146220	      6.912607
     49.160873	      6.863161
     49.175415	      6.813717
     49.189847	      6.764273
     49.204168	      6.714831
     49.218379	      6.665390
     49.232480	      6.615952
     49.246471	      6.566516
     49.260351	      6.517082
     49.274122	      6.467651
     49.287783	      6.418224
     49.301334	      6.368800
     49.314776	      6.319380
     49.328108	      6.269965
     49.341331	      6.220554
     49.354444	      6.171148
     49.367449	      6.121747
     49.380345	      6.072352
     49.393131	      6.022963
     49.405809	      5.973580
     49.418379	      5.924203
     49.430840	      5.874834
     49.443193	      5.825471
     49.455437	      5.776116
     49.467574	      5.726769
     49.479603	      5.677429
     49.491524	      5.628098
     49.503337	      5.578776
     49.515042	      5.529463
     49.526641	      5.480159
     49.538132	      5.430865
     49.549516	      5.381581
     49.560793	      5.332307
     49.571963	      5.283044
     49.583026	      5.233791
     49.593983	      5.184550
     49.604834	      5.135320
     49.615578	      5.086102
     49.626215	      5.036902
     49.636747	      4.987709
     49.647174	      4.938528
     49.657494	      4.889360
     49.667710	      4.840205
     49.677820	      4.791064
     49.687824	      4.741936
     49.697724	      4.692823
     49.707519	      4.643724
     49.717209	      4.594640
     49.726794	      4.545571
     49.736275	      4.496517
     49.745652	      4.447479
     49.754925	      4.398456
     49.764093	      4.349450
     49.773158	      4.300461
     49.782119	      4.251488
     49.790977	      4.202532
     49.799732	      4.153593
     49.808383	      4.104672
     49.816931	      4.055769
     49.825377	      4.006884
     49.833719	      3.958017
     49.841960	      3.909169
     49.850098	      3.860340
     49.858133	      3.811530
     49.866067	      3.762740
     49.873899	      3.713969
     49.881630	      3.665219
     49.889259	      3.616489
     49.896786	      3.567779
     49.904213	      3.519091
     49.911538	      3.470423
     49.918763	      3.421777
     49.925887	      3.373153
     49.932911	      3.324550
     49.939834	      3.275970
     49.946657	      3.227412
     49.953381	      3.178877
     49.960005	      3.130364
     49.966528	      3.081882
     49.972953	      3.033417
     49.979278	      2.984975
     49.985505	      2.936557
     49.991633	      2.888164
     49.997662	      2.839795
     50.003593	      2.791451
     50.009426	      2.743131
     50.015160	      2.694837
     50.020797	      2.646569
     50.026335	      2.598326
     50.031777	      2.550110
     50.037121	      2.501919
     50.042368	      2.453755
     50.047517	      2.405618
     50.052571	      2.357508
     50.057527	      2.309425
     50.062387	      2.261369
     50.067151	      2.213342
     50.071819	      2.165342
     50.076391	      2.117370
     50.080868	      2.069427
     50.085249	      2.021512
     50.089535	      1.973626
     50.093726	      1.925770
     50.097822	      1.877942
     50.101823	      1.830144
     50.105730	      1.782377
     50.109543	      1.734639
     50.113262	      1.686931
     50.116886	      1.639254
     50.120417	      1.591607
     50.123855	      1.543992
     50.127200	      1.496407
     50.130451	      1.448854
     50.133610	      1.401333
     50.136675	      1.353843
     50.139649	      1.306386
     50.142530	      1.258960
     50.145319	      1.211567
     50.148016	      1.164213
     50.150622	      1.116886
     50.153136	      1.069592
     50.155559	      1.022331
     50.157891	      0.975104
     50.160132	      0.927910
     50.162283	      0.880750
     50.164343	      0.833625
     50.166313	      0.786533
     50.168193	      0.739477
     50.169983	      0.692455
     50.171683	      0.645468
     50.173294	      0.598516
     50.174816	      0.551600
     50.176249	      0.504719
     50.177594	      0.457874
     50.178850	      0.411065
     50.180017	      0.364292
     50.181096	      0.317556
     50.182088	      0.270856
     50.182991	      0.224192
     50.183808	      0.177566
     50.184537	      0.130977
     50.185179	      0.084425
     50.185734	      0.037910
     50.186202	     -0.008566
     50.186584	     -0.055005
     50.186880	     -0.101406
     50.187090	     -0.147768
     50.187214	     -0.194092
     50.187252	     -0.240378
     50.187205	     -0.286625
     50.187073	     -0.332832
     50.186856	     -0.379001
     50.186554	     -0.425130
     50.186168	     -0.471220
     50.185698	     -0.517270
     50.185143	     -0.563280
     50.184505	     -0.609250
     50.183783	     -0.655180
     50.182978	     -0.701064
     50.182089	     -0.746913
     50.181118	     -0.792721
     50.180063	     -0.838489
     50.178926	     -0.884215
     50.177707	     -0.929900
     50.176406	     -0.975544
     50.175023	     -1.021147
     50.173558	     -1.066707
     50.172012	     -1.112226
     50.170384	     -1.157703
     50.168676	     -1.203137
     50.166886	     -1.248530
     50.165016	     -1.293879
     50.163066	     -1.339186
     50.161036	     -1.384451
     50.158926	     -1.429672
     50.156736	     -1.474850
     50.154466	     -1.519985
     50.152117	     -1.565077
     50.149690	     -1.610125
     50.147183	     -1.655129
     50.144598	     -1.700089
     50.141934	     -1.745005
     50.139193	     -1.789878
     50.136373	     -1.834705
     50.133476	     -1.879489
     50.130501	     -1.924228
     50.127449	     -1.968922
     50.124320	     -2.013571
     50.121114	     -2.058175
     50.117831	     -2.102734
     50.114472	     -2.147248
     50.111037	     -2.191717
     50.107526	     -2.236139
     50.103939	     -2.280516
     50.100277	     -2.324848
     50.096540	     -2.369133
     50.092727	     -2.413372
     50.088840	     -2.457565
     50.084878	     -2.501706
     50.080842	     -2.545806
     50.076731	     -2.589860
     50.072547	     -2.633866
     50.068289	     -2.677826
     50.063957	     -2.721739
     50.059552	     -2.765605
     50.055074	     -2.809424
     50.050523	     -2.853195
     50.045900	     -2.896919
     50.041204	     -2.940595
     50.036436	     -2.984224
     50.031596	     -3.027804
     50.026685	     -3.071337
     50.021701	     -3.114822
     50.016647	     -3.158258
     50.011522	     -3.201646
     50.006325	     -3.244986
     50.001058	     -3.288278
     49.995721	     -3.331520
     49.990314	     -3.374714
     49.984836	     -3.417859
     49.979289	     -3.460955
     49.973673	     -3.504002
     49.967987	     -3.547000
     49.962232	     -3.589949
     49.956408	     -3.632848
     49.950516	     -3.675698
     49.944555	     -3.718498
     49.938526	     -3.761249
     49.932430	     -3.803949
     49.926265	     -3.846600
     49.920033	     -3.889201
     49.913734	     -3.931752
     49.907367	     -3.974252
     49.900934	     -4.016703
     49.894434	     -4.059103
     49.887868	     -4.101452
     49.881236	     -4.143751
     49.874537	     -4.185999
     49.867773	     -4.228197
     49.860945	     -4.270338
     49.854050	     -4.312434
     49.847090	     -4.354479
     49.840065	     -4.396472
     49.832975	     -4.438415
     49.825821	     -4.480306
     49.818603	     -4.522146
     49.811321	     -4.563934
     49.803976	     -4.605671
     49.796566	     -4.647357
     49.789094	     -4.688990
     49.781558	     -4.730572
     49.773959	     -4.772102
     49.766298	     -4.813581
     49.758574	     -4.855007
     49.750788	     -4.896381
     49.742940	     -4.937703
     49.735030	     -4.978972
     49.727059	     -5.020190
